2 2.19144 -7.30175 3.80571
2 1.23437 -8.21589 4.62491
2 1.21664 -9.67565 4.07938
2 0.41741 -10.7689 4.78452
2 0.405551 -12.0629 4.01968
2 1.66247 -12.8568 3.75971
2 1.51866 -14.2806 3.29368
2 0.669107 -14.4226 2.20577
2 0.340272 -15.7663 1.71101
2 81.8218 -15.6966 0.516407
2 81.5388 -17.0169 80.7483
2 80.3593 -17.0648 79.7728
2 80.1336 -18.5086 79.2049
2 78.6237 -18.5205 78.6151
2 78.0916 -19.9587 78.8176
2 76.5375 -19.9446 78.9492
2 75.9729 -21.3405 79.1532
1 74.5589 -21.3586 79.5219
2 1.73144 -7.35811 10.2558
2 2.98622 -8.18301 10.1367
2 2.89903 -9.44766 9.27604
2 2.08162 -10.4967 10.0271
2 1.53587 -11.5792 9.12323
2 2.702 -12.4374 8.33452
2 2.05648 -13.3028 7.38324
2 3.02845 -14.3918 6.92996
2 4.42466 -13.9352 6.87614
2 5.42326 -14.9593 6.48407
2 5.58502 -15.3152 5.02617
2 6.19984 -14.4145 4.03436
2 5.76419 -14.742 2.66068
2 5.92298 -13.5953 1.59348
2 5.10987 -13.8804 0.318878
2 5.25403 -12.8901 80.1218
2 4.48394 -13.4524 78.9025
1 2.94238 -13.8551 79.3089
2 2.43778 -7.44081 17.3586
2 1.88026 -7.98244 16.048
2 0.352085 -7.87736 16.0898
2 82.1569 -8.37949 14.6471
2 82.0817 -9.85762 14.622
2 81.5606 -10.6532 13.3839
2 81.8393 -12.145 13.2825
2 81.2481 -12.9689 12.0508
2 81.3812 -14.5222 12.448
2 80.8139 -15.4835 11.447
2 81.0336 -17.0118 11.5901
2 0.100984 -17.4261 11.485
2 0.728323 -17.2065 10.1071
2 2.16649 -16.9769 10.016
2 2.95786 -18.0842 10.7581
2 2.81995 -19.5387 10.2285
2 3.4535 -20.5948 11.0423
1 3.14346 -21.9985 10.5752
2 2.14739 -7.36685 23.955
2 1.32632 -7.68684 22.7172
2 1.45679 -9.06628 22.3729
2 0.665249 -9.52912 21.2343
2 81.6306 -9.93698 21.3572
2 81.1572 -10.1733 19.9337
2 79.8681 -10.7951 19.6922
2 79.2319 -11.7601 20.6953
2 80.0361 -13.106 20.9521
2 79.1296 -14.0336 21.7978
2 78.7179 -13.4051 23.1818
2 77.3003 -13.9104 23.5044
2 76.4936 -13.021 24.4924
2 75.0737 -13.4249 24.4399
2 74.1525 -12.6597 25.3396
2 72.6049 -12.7836 25.2458
2 72 -12.0173 26.4412
1 72.3541 -10.4327 26.4973
2 2.25161 -7.49659 30.9562
2 3.07622 -7.95214 29.6318
2 3.16466 -9.415 29.6556
2 3.67569 -10.1128 28.3099
2 4.74247 -9.27929 27.6221
2 5.43056 -9.9846 26.3766
2 6.68659 -9.37334 26.2519
2 7.44806 -10.0188 25.041
2 6.76534 -9.74476 23.6319
2 7.58255 -10.2387 22.4643
2 6.67391 -10.0105 21.2139
2 7.37723 -9.71009 19.863
2 6.36149 -9.62895 18.6975
2 7.00892 -9.36737 17.3496
2 6.1062 -9.32849 16.1088
2 7.03422 -9.41576 14.8102
2 6.11077 -9.19756 13.6486
1 5.04568 -10.2211 13.2284
2 1.8972 -7.37799 36.9943
2 0.872517 -8.45045 37.4353
2 0.846768 -9.6142 36.5562
2 0.374326 -9.21998 35.0873
2 0.0638324 -10.331 34.224
2 82.13 -9.91896 32.6608
2 81.8877 -11.0171 31.6503
2 0.620535 -11.9911 31.6746
2 0.45537 -12.9351 30.2598
2 1.46249 -14.0058 30.0427
2 2.97681 -13.6488 30.1288
2 3.80671 -14.8245 30.3958
2 5.36274 -14.5959 30.6537
2 5.9902 -14.2079 29.3209
2 7.5336 -13.9792 29.3051
2 7.96604 -13.1399 27.9061
2 9.43054 -13.2336 27.4123
1 9.70215 -12.6221 26.0107
2 1.95568 -7.38831 44.1576
2 3.31798 -8.21871 44.541
2 3.30222 -9.57174 44.0471
2 4.61091 -10.2645 43.8907
2 4.84691 -11.2468 42.6719
2 3.67985 -12.1766 42.5536
2 3.79058 -13.2524 41.359
2 2.91417 -14.5437 41.5125
2 3.04224 -15.6733 40.5103
2 2.34426 -17.0361 40.6783
2 2.94984 -17.7872 41.942
2 4.43968 -18.0595 42.0038
2 4.66684 -18.8379 43.4041
2 6.0234 -19.5526 43.7086
2 5.82687 -20.7953 44.3892
2 7.08173 -21.5528 44.8243
2 6.97317 -23.0193 44.7974
1 8.00436 -23.8461 45.6434
2 2.1766 -7.38668 50.8302
2 3.25842 -8.2885 51.5381
2 3.67064 -9.58862 50.8541
2 4.52093 -9.30235 49.5418
2 4.72392 -10.456 48.6359
2 5.75183 -10.1306 47.5358
2 7.25041 -10.1778 48.1047
2 8.25445 -10.5266 46.9019
2 7.66993 -11.7443 46.2474
2 8.35577 -12.0794 44.9504
2 7.59299 -13.3117 44.3211
2 8.44509 -14.3122 43.4307
2 8.31912 -14.39 41.9656
2 7.04318 -15.2358 41.4766
2 7.13201 -15.8095 40.21
2 8.43074 -16.6069 40.089
2 8.81048 -17.1566 38.7214
1 9.74688 -18.431 38.8382
2 2.10303 -7.54259 57.7224
2 2.98666 -7.67809 56.534
2 3.05169 -9.26803 55.9613
2 3.63471 -10.4731 56.9046
2 3.14487 -11.8525 56.5572
2 3.47399 -12.3719 55.1072
2 2.69839 -13.698 54.6506
2 3.04198 -14.1874 53.2543
2 2.42526 -13.4493 51.9395
2 2.68796 -14.3565 50.796
2 2.45388 -15.8552 51.0673
2 2.9491 -16.7229 49.8306
2 3.41027 -18.1881 50.1893
2 2.67391 -19.2918 49.5294
2 3.34056 -20.647 49.7173
2 4.5466 -21.0865 48.7394
2 5.051 -22.5691 49.0407
1 4.02804 -23.6403 49.0981
2 1.79762 -7.26331 64.1985
2 2.12753 -8.52432 64.9803
2 1.54788 -9.74658 64.2667
2 0.0816866 -9.76338 63.9112
2 81.8116 -11.1703 64.0985
2 80.3455 -11.1733 64.3806
2 79.5958 -12.6007 64.2235
2 79.3987 -13.1763 62.8817
2 78.6389 -14.4928 62.8549
2 78.8439 -15.2707 61.4183
2 78.1058 -16.6183 61.0733
2 78.5192 -17.4132 59.7989
2 77.3919 -17.6278 58.7284
2 77.9292 -18.1985 57.4308
2 76.8002 -18.8327 56.6213
2 77.4034 -19.5881 55.5816
2 76.6562 -20.7269 54.7092
1 77.6412 -21.4374 53.8889
2 1.60135 -7.47729 71.67
2 1.60752 -7.91875 70.3163
2 1.4148 -9.43572 70.2338
2 1.94272 -10.2271 69.0546
2 1.47202 -11.6594 69.2058
2 1.68269 -12.3231 67.9337
2 0.97416 -13.6867 67.9172
2 1.4399 -14.6159 66.878
2 0.296997 -15.2569 66.1093
2 0.76922 -16.4153 65.1235
2 82.0735 -16.851 64.2838
2 -0.0056863 -17.877 63.3822
2 81.2606 -18.6904 63.064
2 81.5655 -19.8887 62.1963
2 80.3217 -20.6948 61.7137
2 79.5087 -21.2476 62.7655
2 78.3934 -21.96 62.1978
1 77.2953 -22.2015 63.3902
2 1.84869 -7.46745 77.881
2 2.46167 -7.9605 76.5918
2 2.3674 -9.52844 76.3968
2 3.23354 -10.1802 75.2365
2 2.86535 -11.6951 75.1803
2 3.76759 -12.6873 74.5804
2 3.26778 -14.2523 74.5666
2 4.21422 -15.1936 74.0388
2 4.17086 -16.5407 74.526
2 3.32168 -17.3818 73.6477
2 3.56842 -18.9593 74.051
2 2.95478 -20.0798 73.0581
2 3.38775 -21.4255 73.7274
2 4.90312 -21.7719 73.3783
2 5.77155 -22.2524 74.5054
2 7.1151 -22.717 74.1478
2 8.09138 -21.6894 73.9944
1 9.56281 -22.2714 73.835
2 10.1017 -7.26239 3.66066
2 10.9575 -8.27836 4.38999
2 10.4076 -9.79063 3.96871
2 10.7234 -10.9621 4.99453
2 10.2326 -12.3627 4.48293
2 10.5072 -12.6079 2.99832
2 10.4852 -14.065 2.73557
2 10.804 -14.4009 1.35922
2 10.8715 -15.8851 0.987409
2 9.53636 -16.6505 1.17712
2 8.47935 -16.5968 0.0381211
2 7.36727 -17.502 0.0569496
2 6.12794 -16.912 80.1993
2 5.06208 -18.0309 80.0116
2 3.81863 -17.6367 79.1673
2 2.81193 -18.6824 78.9274
2 1.501 -18.1944 78.5105
1 1.52999 -17.6004 77.1587
2 10.5888 -7.30481 10.225
2 11.6029 -8.25401 10.8836
2 11.4593 -9.69061 10.4215
2 12.2921 -10.7657 11.1629
2 12.1033 -12.1943 10.548
2 11.9879 -13.403 11.5944
2 11.3434 -14.7174 11.2
2 11.9701 -15.2682 9.80301
2 11.0677 -16.0506 8.95388
2 11.7133 -16.4528 7.64876
2 10.7691 -17.0886 6.52287
2 10.2598 -18.5635 6.81194
2 11.1497 -19.4259 7.43598
2 10.7117 -20.9487 7.27386
2 11.7796 -21.7704 7.93517
2 13.2435 -21.2788 7.77594
2 14.2687 -22.2225 8.29506
1 15.7839 -21.6361 8.17279
2 10.8425 -7.44831 17.6764
2 11.0245 -8.15564 16.3167
2 10.8745 -9.66262 16.5386
2 10.6842 -10.3721 15.244
2 10.0153 -11.5846 15.1642
2 10.6255 -12.7019 15.9654
2 10.0623 -13.9515 15.5691
2 10.1441 -14.967 16.7159
2 9.32117 -16.3328 16.3201
2 9.21919 -17.5397 17.3527
2 8.28444 -18.7339 17.117
2 8.43815 -19.7368 18.3064
2 7.43714 -20.8209 18.2388
2 7.23884 -21.3831 16.796
2 8.37269 -22.3449 16.3854
2 8.53763 -22.1163 14.876
2 7.14432 -21.8756 14.1573
1 6.50849 -23.1834 13.7614
2 9.98345 -7.4 24.1538
2 10.7775 -8.09992 23.1555
2 12.3228 -8.17695 23.2006
2 12.9406 -9.19197 22.1069
2 14.4481 -9.25982 22.0716
2 15.1482 -10.241 21.08
2 14.9309 -11.7103 21.3689
2 15.5891 -12.6837 20.4574
2 15.2437 -14.1815 20.6077
2 15.7558 -15.1771 19.7066
2 17.3291 -15.2166 19.748
2 17.9374 -16.3388 18.952
2 19.4318 -16.5282 19.405
2 20.4887 -15.559 19.05
2 21.8405 -15.8571 19.6876
2 22.2612 -15.1316 21.0362
2 23.7067 -15.1533 21.2493
1 24.023 -14.8384 22.6825
2 10.0869 -7.4176 30.7759
2 10.3597 -8.55496 31.884
2 10.5017 -9.98567 31.4465
2 11.7129 -10.1868 30.5492
2 11.8968 -11.4741 29.8227
2 13.1386 -11.3757 29.1633
2 13.6278 -12.7463 28.735
2 14.1878 -13.6315 29.88
2 15.6259 -13.1954 30.4282
2 16.3443 -14.2263 31.3274
2 17.4945 -13.7016 32.0015
2 18.4819 -14.4528 32.8314
2 19.2809 -13.3306 33.5082
2 19.5438 -12.3536 32.4472
2 20.4342 -11.1189 32.7425
2 20.7183 -10.0402 31.7379
2 21.281 -10.5986 30.5175
1 22.0275 -9.63676 29.5935
2 10.4045 -7.46135 37.3873
2 9.33833 -8.29105 36.556
2 9.84705 -9.70191 36.1398
2 10.3182 -10.524 37.3013
2 10.9994 -11.7715 36.8874
2 11.4216 -12.69 38.0877
2 12.2321 -13.8649 37.7568
2 12.6846 -14.7929 38.9084
2 13.6742 -13.9302 39.7988
2 13.4832 -14.4247 41.1666
2 14.5854 -14.0649 41.9646
2 14.3433 -14.4391 43.5128
2 15.7872 -14.3254 44.3291
2 17.0054 -15.0141 43.5795
2 18.4042 -14.8838 44.2864
2 19.4457 -15.6745 43.6005
2 19.002 -17.0983 43.7036
1 20.2481 -18.0362 43.5583
2 9.8486 -7.36807 44.1824
2 10.8347 -8.27979 43.4835
2 10.2229 -9.5483 42.9994
2 9.1034 -9.35904 41.9985
2 8.56077 -10.4725 41.2004
2 7.6639 -9.98071 40.2171
2 7.46624 -10.8177 39.2212
2 6.42383 -10.2458 38.1131
2 6.2854 -11.0464 36.8403
2 5.39188 -10.6679 35.6752
2 5.63779 -11.6577 34.5224
2 7.07719 -12.4028 34.4862
2 7.19581 -13.7029 33.8287
2 8.58561 -14.0576 33.6686
2 9.34629 -13.258 32.7102
2 10.9046 -13.69 32.5494
2 11.68 -13.5233 33.7633
1 13.1103 -14.2002 33.6559
2 10.2922 -7.09879 50.5652
2 9.25954 -8.23026 50.9916
2 9.91402 -9.14504 52.0403
2 9.06019 -10.4514 52.2926
2 7.85319 -10.2416 52.928
2 6.96143 -11.5503 52.8014
2 7.56786 -12.4718 53.8735
2 6.91419 -13.865 54.0685
2 7.10013 -14.9433 52.8204
2 6.41462 -16.2276 52.9661
2 7.2771 -17.3582 52.3431
2 8.9409 -17.2511 52.3958
2 9.7542 -18.5663 51.8606
2 9.70391 -19.7729 52.9109
2 10.6377 -20.8695 52.1545
2 10.0784 -21.2852 50.6727
2 8.6448 -21.8097 50.7537
1 8.42268 -23.2041 50.3795
2 10.1776 -7.06575 57.1515
2 9.61116 -8.40662 57.5986
2 9.87675 -9.58286 56.7273
2 9.56686 -11.045 57.3823
2 10.1679 -12.1372 56.6614
2 9.82055 -13.5472 57.1425
2 10.4748 -14.7331 56.2167
2 10.3623 -16.1452 56.8253
2 8.97251 -16.7352 56.7955
2 8.8888 -18.2 56.7536
2 7.48357 -18.8059 57.0203
2 7.62793 -20.3124 56.7857
2 6.26447 -21.0169 57.1928
2 6.15605 -20.8323 58.6765
2 5.01726 -21.6582 59.1705
2 3.63026 -21.4815 58.4575
2 2.43249 -22.2478 58.8457
1 1.67471 -21.7836 60.2178
2 10.1759 -7.40355 64.8992
2 9.71309 -7.85925 63.4825
2 9.29645 -9.36772 63.4202
2 9.14844 -9.78052 61.9506
2 9.22614 -11.3703 61.7073
2 10.6268 -12.0941 62.0284
2 10.5242 -13.6854 61.687
2 11.8436 -14.3271 62.2696
2 12.1304 -15.8503 62.1724
2 13.5403 -16.2893 62.7347
2 13.8289 -17.8023 62.7144
2 12.9904 -18.5733 63.8089
2 13.1783 -20.0823 63.8101
2 12.6486 -20.7372 65.1279
2 13.2107 -22.0861 65.7439
2 12.8283 -22.3813 67.1798
2 13.4221 -23.7019 67.5574
1 13.2279 -24.9131 66.7328
2 10.3317 -7.49681 71.4101
2 9.04505 -8.17571 71.0484
2 8.88938 -8.30899 69.6501
2 7.73667 -9.1509 69.4156
2 7.68217 -9.8014 68.0773
2 6.12785 -10.0629 67.7332
2 6.09469 -11.0066 66.4075
2 6.8937 -12.2893 66.6288
2 7.18686 -13.1912 65.3591
2 8.37562 -14.1541 65.3929
2 9.85648 -13.5544 65.485
2 10.7192 -14.3001 66.4309
2 10.1805 -14.1134 67.882
2 10.8137 -15.0067 68.8495
2 10.1414 -15.1588 70.1826
2 10.9623 -15.7973 71.2368
2 12.423 -15.3104 71.3298
1 13.4186 -15.741 72.3434
2 10.2041 -7.30829 77.7871
2 11.5234 -7.93953 77.2799
2 11.3602 -9.19935 76.1227
2 12.6457 -9.54718 75.4456
2 12.403 -10.6093 74.3843
2 13.7379 -11.1653 73.6878
2 13.5405 -11.8541 72.4053
2 13.0854 -11.1046 71.1769
2 14.1316 -10.0263 70.7612
2 13.8947 -9.12968 69.6279
2 13.6373 -10.0173 68.1938
2 13.7054 -9.16965 66.863
2 13.782 -9.90918 65.6265
2 13.8449 -8.99715 64.3281
2 13.5833 -9.92584 63.0738
2 13.8895 -9.29864 61.6995
2 13.9701 -10.2558 60.5149
1 14.4203 -9.53927 59.1622
2 18.9781 -7.49032 4.02514
2 17.873 -8.39034 3.83588
2 17.2451 -8.2694 2.46867
2 15.9551 -9.16043 2.41464
2 15.2341 -9.1017 1.06576
2 13.9583 -9.7675 1.02108
2 12.8251 -9.37749 80.8441
2 11.5587 -10.1248 0.0737609
2 10.7624 -10.7545 79.8997
2 9.38872 -11.1545 80.3691
2 8.85611 -10.1413 0.332168
2 7.38299 -10.4178 0.654894
2 6.83979 -9.35396 1.57358
2 5.24069 -9.57272 1.83835
2 4.21733 -9.82023 0.692716
2 2.88445 -9.78608 1.02137
2 2.0289 -10.0247 80.8071
1 0.449505 -9.67809 80.9353
2 18.6438 -7.37895 10.6465
2 18.0045 -7.76726 9.23948
2 18.1401 -9.28048 8.81459
2 19.6946 -9.76615 8.80445
2 20.4307 -8.84318 7.79891
2 21.8445 -9.43057 7.70837
2 22.1894 -10.4203 6.50218
2 23.5969 -10.5684 6.57895
2 24.1544 -11.506 5.47346
2 25.7268 -11.8018 5.6668
2 26.2224 -13.1052 5.10199
2 27.8394 -13.4779 5.40145
2 28.29 -14.7927 4.73552
2 27.6925 -16.185 4.86606
2 27.4744 -16.9959 3.48484
2 26.5864 -18.412 3.67669
2 26.1625 -19.0985 2.34114
1 27.3322 -19.5883 1.39025
2 18.3448 -7.32574 16.991
2 19.449 -8.46697 17.3044
2 19.6458 -9.66764 16.1963
2 20.7939 -10.6428 16.4619
2 20.9748 -11.6329 15.3743
2 22.1786 -12.6618 15.5532
2 22.5717 -13.5191 14.2886
2 21.6632 -14.661 13.8568
2 22.1649 -15.4927 12.7028
2 21.0975 -16.4801 12.1045
2 21.38 -17.2347 10.9625
2 20.6996 -18.652 11.2013
2 20.9524 -19.6989 10.0714
2 19.9243 -21.0241 10.0326
2 20.0579 -21.8835 8.929
2 19.9438 -21.2662 7.48979
2 19.8875 -22.2552 6.40013
1 20.3093 -21.5388 4.9697
2 19.1187 -7.44195 24.2611
2 18.085 -8.30466 23.4159
2 18.6162 -9.51818 22.9471
2 20.0925 -9.40848 22.6451
2 20.5067 -10.3203 21.6
2 22.0404 -10.0767 21.4225
2 22.7654 -10.7852 20.093
2 24.2902 -10.6891 20.1349
2 24.9595 -11.1006 18.7684
2 24.8865 -12.5075 18.6092
2 25.9514 -13.167 17.8228
2 25.753 -14.7748 17.8741
2 24.5697 -15.341 17.0125
2 24.2587 -16.7826 17.07
2 23.1781 -17.1965 16.1436
2 22.3441 -18.1619 16.7966
2 21.0869 -18.6379 16.0231
1 20.3404 -19.8907 16.7044
2 18.6631 -7.45831 30.8218
2 17.5148 -8.21114 30.8782
2 16.7746 -8.2162 32.1699
2 15.4198 -9.0821 32.2518
2 14.5872 -9.00901 33.4889
2 15.2704 -9.55646 34.7579
2 14.3556 -9.39569 35.8748
2 15.0697 -9.71218 37.1347
2 14.0261 -9.50276 38.2325
2 14.7823 -9.30004 39.5882
2 15.3305 -10.5059 40.0292
2 15.8357 -10.5761 41.4265
2 14.8976 -10.0049 42.5992
2 15.2129 -10.8528 43.8435
2 14.0368 -11.0545 44.8999
2 13.5526 -9.81648 45.5576
2 12.4345 -10.1719 46.657
1 13.0265 -11.1586 47.6695
2 18.0574 -7.335 37.2602
2 18.9963 -8.22723 36.3954
2 20.0108 -9.01627 37.2905
2 21.1212 -9.75676 36.4711
2 21.9848 -8.96619 35.5665
2 23.1341 -9.68332 35.1309
2 23.9206 -8.98142 34.0372
2 24.9302 -9.84969 33.3786
2 24.4292 -11.3837 33.0838
2 25.6548 -12.1424 32.3362
2 25.3992 -13.5828 31.9687
2 25.1846 -14.3577 33.2652
2 23.7659 -14.8181 33.5138
2 22.9318 -15.2696 32.3532
2 23.4809 -16.5401 31.6006
2 23.5197 -17.796 32.5663
2 24.2026 -19.0696 31.9051
1 24.2744 -20.0994 32.9341
2 18.9209 -7.45917 44.5969
2 18.4369 -8.25156 43.4128
2 18.5885 -9.71156 43.7624
2 20.135 -9.90165 43.772
2 20.5841 -10.4542 42.3856
2 22.1818 -10.7325 42.3732
2 22.855 -11.3836 41.0645
2 24.2045 -11.8167 41.0587
2 24.5365 -12.8098 39.9204
2 25.8803 -13.3572 39.8365
2 26.0261 -13.9005 38.4836
2 27.6562 -14.2329 38.4089
2 27.9779 -15.6091 37.6461
2 27.5345 -15.7309 36.2221
2 27.7189 -17.0244 35.3609
2 27.356 -18.3577 35.9646
2 27.3991 -19.5872 35.1267
1 28.6371 -19.9511 34.3922
2 18.5138 -7.28476 50.6764
2 17.0749 -7.90852 50.4478
2 16.3624 -8.68602 51.6466
2 15.0724 -9.49341 51.051
2 14.1536 -9.82996 52.2672
2 14.4754 -10.9721 53.2178
2 13.4328 -11.1199 54.2292
2 13.5507 -12.4949 55.1808
2 14.7771 -12.6245 56.1422
2 14.9391 -14.0022 56.7276
2 15.2546 -15.1205 55.6838
2 15.1903 -16.5976 56.1922
2 14.0979 -16.8735 57.0961
2 14.0964 -18.3992 57.4492
2 12.9005 -18.6969 58.4442
2 12.5196 -20.1817 58.7605
2 11.7582 -20.2248 60.0492
1 11.5139 -21.8019 60.4964
2 18.7928 -7.26083 57.6012
2 17.5167 -8.01223 57.4388
2 17.7175 -9.54061 57.1822
2 18.2622 -9.77455 55.6778
2 18.1298 -11.218 55.2063
2 19.1309 -11.4413 54.1639
2 19.2084 -12.9583 53.9251
2 20.452 -13.5739 53.2172
2 19.9066 -14.6204 52.2638
2 19.0443 -15.5324 52.9833
2 19.6777 -16.8076 53.9376
2 19.0313 -18.1002 54.1782
2 19.2628 -19.1059 53.0664
2 18.1544 -20.1165 53.2264
2 16.9178 -19.4238 52.9701
2 15.8211 -20.0125 53.6894
2 14.3944 -19.2729 53.6456
1 13.6706 -19.0977 52.3042
2 18.5669 -7.42739 64.6175
2 17.5972 -7.93222 63.503
2 18.3416 -9.17847 62.8546
2 19.5131 -8.7489 62.115
2 20.1068 -10.0089 61.1105
2 21.2744 -9.70181 60.0758
2 21.3954 -10.8758 59.0589
2 22.151 -10.5429 57.8668
2 22.8103 -11.8048 57.1524
2 23.3181 -11.5286 55.8337
2 24.0161 -10.141 55.7166
2 24.3139 -9.80867 54.2687
2 23.2773 -10.0979 53.3388
2 23.7212 -9.50963 52.0554
2 22.5327 -9.69941 51.0276
2 22.9085 -9.5031 49.6018
2 21.6361 -9.30151 48.8642
1 21.7505 -9.36424 47.3776
2 18.4847 -7.35334 71.2143
2 17.8748 -8.37813 72.2115
2 18.8526 -8.95738 73.4511
2 18.2165 -10.0413 74.4118
2 18.3452 -11.3397 73.7003
2 18.0103 -12.4067 74.567
2 17.7897 -13.7508 73.7094
2 17.1172 -14.9343 74.3107
2 18.1206 -15.4377 75.4758
2 17.4662 -16.4749 76.4614
2 17.3785 -17.8039 75.8819
2 16.5662 -18.8141 76.7653
2 15.037 -18.7002 76.7428
2 14.4361 -19.5303 77.8199
2 12.8903 -19.2933 77.8558
2 12.1455 -20.1324 76.7578
2 10.5514 -19.8688 76.7796
1 9.91487 -20.2658 78.1975
2 18.2835 -7.35068 77.9201
2 16.9499 -7.99599 78.2964
2 17.0323 -9.57154 78.2255
2 15.8751 -10.5634 78.6665
2 16.3033 -12.1483 78.4131
2 15.404 -13.0199 79.4186
2 15.8788 -14.4826 79.4441
2 15.1426 -15.1232 80.4654
2 15.464 -16.5191 80.8063
2 14.5562 -17.0177 0.987729
2 14.838 -18.5286 1.27099
2 13.7368 -19.0621 2.285
2 13.953 -20.4933 2.72782
2 15.0341 -20.7047 3.73457
2 15.0496 -22.1698 4.14594
2 15.1408 -23.3721 3.10876
2 16.5451 -23.3973 2.51796
1 16.8906 -24.2654 1.26251
2 27.2316 -7.55965 3.97632
2 26.4247 -8.27461 2.9205
2 24.8674 -8.29916 3.03343
2 24.0951 -8.81053 1.87459
2 22.5979 -8.79346 2.0973
2 21.8875 -9.61133 0.972903
2 20.5545 -10.0452 1.18841
2 20.024 -11.0007 0.262794
2 18.6513 -11.4053 0.632944
2 18.4495 -12.602 1.72945
2 17.124 -13.1263 2.09069
2 17.1136 -14.2653 3.12508
2 15.6763 -14.8876 3.36004
2 15.0048 -14.2423 4.67995
2 14.6101 -12.7054 4.72321
2 14.1945 -12.1709 6.10634
2 14.7849 -10.7462 6.46819
1 14.2478 -10.1406 7.64927
2 26.6251 -7.4591 10.4122
2 27.855 -8.2098 10.3569
2 28.4481 -8.48698 11.8018
2 28.5522 -10.0024 12.0451
2 29.7287 -10.6332 12.8946
2 29.5692 -12.1431 12.9187
2 28.2776 -12.5575 13.3643
2 27.6957 -13.9763 12.7798
2 28.2458 -15.1747 13.5886
2 27.4695 -16.5882 13.3399
2 27.5012 -17.1709 11.9977
2 26.2679 -17.9335 11.6645
2 26.1587 -19.2452 12.322
2 24.6737 -19.5981 12.4484
2 24.4534 -21.0485 12.5234
2 25.0123 -21.7931 11.306
2 23.9645 -22.6865 10.7299
1 24.1203 -23.2502 9.35671
2 26.3472 -7.43706 17.4454
2 27.3444 -8.08842 16.4393
2 26.5368 -9.41254 15.9427
2 25.4714 -9.06361 14.9238
2 25.0581 -10.2817 13.9975
2 24.1957 -9.70575 12.7794
2 23.5468 -10.8029 11.7877
2 24.4322 -11.6573 10.8142
2 23.7668 -12.9757 10.2545
2 22.4857 -12.7876 9.3548
2 21.8347 -14.0547 8.62291
2 20.3912 -14.1527 8.65541
2 19.7442 -15.4682 8.18353
2 18.3522 -15.4909 8.63717
2 17.685 -16.8749 8.63152
2 16.3182 -16.9592 9.17327
2 15.9087 -18.3305 9.59511
1 15.0111 -18.5837 10.7956
2 26.7782 -7.36477 23.9552
2 25.7477 -8.37831 24.707
2 26.0887 -9.76452 24.4899
2 27.2604 -10.0162 25.4027
2 27.5624 -11.4538 25.6367
2 26.6013 -12.087 26.6917
2 27.0261 -13.5471 26.78
2 26.5775 -14.4174 25.5037
2 27.0992 -15.9117 25.5504
2 25.9757 -16.809 24.8519
2 26.329 -18.2806 25.0724
2 27.7115 -18.5152 24.8693
2 28.1609 -20.0177 24.9571
2 29.5177 -20.215 25.6239
2 30.2458 -21.5017 25.0122
2 31.5655 -21.7917 25.543
2 32.1073 -23.1724 25.1336
1 33.4094 -23.5787 25.9263
2 26.6854 -7.42027 30.5119
2 27.9905 -8.18917 30.805
2 28.2061 -9.39036 30.0239
2 29.5564 -10.2199 30.4285
2 30.7629 -9.38961 30.6544
2 31.42 -9.17528 29.2159
2 32.0467 -10.4693 28.5856
2 32.9619 -10.4378 27.286
2 32.881 -11.922 26.5163
2 33.9847 -12.1 25.4489
2 34.1021 -13.6044 24.7733
2 33.1232 -13.7801 23.4477
2 33.4207 -12.8661 22.4163
2 32.7986 -13.0633 21.0704
2 33.2716 -12.1336 19.829
2 34.4866 -12.5798 19.1017
2 35.7892 -11.9447 19.8092
1 37.1375 -12.2041 19.0907
2 26.6985 -7.54623 37.4273
2 27.6477 -7.89837 36.2383
2 27.6695 -9.46574 35.7804
2 28.8199 -9.97393 34.9799
2 28.7632 -11.4713 34.6934
2 30.1368 -12.0874 34.595
2 30.8899 -11.853 33.1839
2 32.2152 -12.8344 33.3096
2 31.8937 -14.291 32.7996
2 32.7367 -15.5636 33.3247
2 32.2785 -16.9425 32.6465
2 33.1044 -18.1018 33.1121
2 32.8196 -19.44 32.4071
2 33.6581 -20.4416 33.1324
2 33.5062 -21.9229 32.6419
2 33.7138 -23.1393 33.6907
2 34.1582 -24.458 32.8996
1 34.857 -25.4333 33.8993
2 26.6128 -7.52995 44.2223
2 25.6688 -8.27909 45.3434
2 25.6606 -9.83398 45.3198
2 25.076 -10.5649 46.6888
2 25.2865 -12.0413 46.836
2 25.0169 -12.7601 48.2844
2 26.2643 -13.5875 48.7042
2 25.9152 -14.4009 49.9004
2 26.8401 -15.4731 50.3095
2 28.1619 -14.9848 51.0279
2 27.824 -13.9337 52.0243
2 28.822 -13.2967 52.8929
2 28.2983 -12.0847 53.6462
2 29.3151 -11.4096 54.523
2 30.484 -10.9637 53.8206
2 30.3026 -9.92006 52.8355
2 31.5737 -9.57791 52.313
1 32.4769 -9.12313 53.3478
2 26.9168 -7.29665 50.484
2 27.6274 -8.4842 51.0504
2 27.8556 -9.54102 49.9774
2 28.7237 -9.10942 48.7817
2 29.2714 -10.185 47.646
2 30.7399 -10.4254 47.402
2 31.0873 -11.0167 46.0564
2 30.7489 -10.1483 44.7232
2 31.0952 -10.7364 43.2609
2 30.1971 -11.8617 42.8303
2 30.1774 -12.3265 41.2429
2 29.3261 -11.5515 40.3394
2 30.0852 -11.1366 39.2593
2 31.5622 -11.4486 39.2994
2 32.2203 -11.3212 37.9082
2 33.5906 -11.9985 37.7747
2 34.3535 -11.9527 36.4581
1 35.8319 -12.4999 36.4345
2 27.2314 -7.3522 57.6966
2 26.8078 -8.48113 58.5099
2 27.3077 -9.81147 58.0977
2 26.8863 -11.14 58.9882
2 27.4327 -12.4883 58.3089
2 27.4178 -13.656 59.2445
2 28.5509 -14.7507 59.0886
2 28.4707 -15.8034 57.913
2 29.403 -17.0559 58.0307
2 29.2888 -18.4143 57.3232
2 30.0977 -19.5206 57.9922
2 31.4993 -19.5607 57.3195
2 32.4949 -20.6195 57.5558
2 32.2806 -21.6163 56.5778
2 33.3166 -22.7052 56.6393
2 32.9891 -24.0925 56.036
2 34.0148 -24.9764 56.5786
1 34.4613 -24.4595 57.9945
2 26.3826 -7.35194 64.4781
2 27.5455 -8.30314 64.4289
2 28.232 -8.45545 63.0984
2 29.5566 -9.07772 63.2444
2 30.2123 -9.71024 62.0686
2 29.6601 -10.98 61.6122
2 30.0923 -11.9588 62.7714
2 29.5129 -13.3638 62.8222
2 28.0239 -13.0981 62.7587
2 27.295 -12.9455 63.99
2 25.948 -12.3453 63.7881
2 25.0774 -12.1973 65.0442
2 23.7507 -11.6875 64.6081
2 22.9551 -11.35 65.8311
2 21.5479 -11.0027 65.5747
2 21.0956 -10.4103 66.8892
2 21.8442 -9.10674 67.56
1 21.1949 -8.78701 68.8564
2 26.8707 -7.52105 71.3584
2 26.0603 -7.81639 70.1102
2 26.6534 -9.04933 69.2326
2 28.0211 -9.11176 68.7552
2 28.1292 -10.326 67.8964
2 28.0598 -11.7026 68.6294
2 27.7567 -12.7604 67.7376
2 26.9856 -13.8835 68.2977
2 26.9624 -15.1458 67.4021
2 26.3047 -16.493 67.9505
2 25.6784 -17.5335 66.9597
2 24.3107 -17.0917 66.2791
2 23.4207 -18.1797 65.7226
2 22.3831 -17.6518 64.8052
2 21.6299 -18.8778 64.3484
2 21.3544 -19.0031 63.0248
2 20.179 -19.8709 62.7681
1 19.9452 -20.0744 61.177
2 26.7715 -7.23586 77.7008
2 25.4508 -8.12012 77.7052
2 25.5315 -9.34607 76.8729
2 26.2567 -10.4763 77.475
2 26.1581 -11.7456 76.5578
2 24.6665 -12.1445 76.2014
2 24.5769 -13.7566 76.1682
2 23.4621 -14.3224 75.1268
2 23.1966 -15.8853 75.045
2 22.0842 -16.1188 74.052
2 21.6964 -17.5803 74.187
2 21.4133 -17.8236 75.6575
2 21.911 -19.235 75.9997
2 22.2292 -19.6539 77.4456
2 21.3716 -18.8461 78.3675
2 21.5461 -19.4943 79.7032
2 20.7557 -19.0001 80.8648
1 20.9843 -17.5091 0.110196
2 35.1563 -7.24014 3.4377
2 36.0905 -8.20875 4.14832
2 36.2279 -9.31918 3.2695
2 36.4978 -8.82136 1.82006
2 37.09 -10.002 1.02733
2 37.3964 -9.87451 80.5312
2 38.7963 -8.97493 80.3039
2 40.0373 -9.59253 -0.0398291
2 40.7209 -10.6022 79.9986
2 40.602 -11.9685 80.3343
2 41.1414 -13.0743 79.4222
2 40.6776 -14.2338 80.077
2 39.0936 -14.4263 79.902
2 38.4287 -15.3274 80.9001
2 36.9267 -15.3143 80.8064
2 36.5347 -13.957 0.405249
2 35.1858 -13.3862 80.7733
1 34.4316 -12.3959 0.563129
2 35.2001 -7.37213 10.3325
2 35.1751 -8.60974 11.3918
2 35.1675 -9.87518 10.6621
2 36.2218 -10.1152 9.57309
2 36.3022 -11.456 8.86702
2 37.6551 -11.6197 8.14747
2 37.8753 -13.0446 7.42503
2 37.7973 -14.2824 8.3509
2 38.1198 -15.5097 7.48707
2 38.1251 -16.697 8.31659
2 39.2576 -17.6033 8.04964
2 39.0979 -19.0393 8.47381
2 40.3406 -19.9103 8.14968
2 40.1504 -21.2868 8.52351
2 41.4634 -22.2425 8.42241
2 41.3264 -23.6339 9.15656
2 42.5828 -24.4888 9.01303
1 42.3196 -25.959 9.51098
2 34.8079 -7.41537 17.2391
2 36.1371 -8.19512 16.8614
2 36.0593 -9.52597 16.1532
2 37.3474 -10.057 15.5434
2 37.9115 -9.29502 14.4495
2 38.6529 -10.2372 13.5358
2 39.623 -9.60104 12.5806
2 39.9747 -10.5454 11.3283
2 40.7513 -11.8491 11.7678
2 40.9358 -13.0319 10.6804
2 41.6448 -12.5002 9.33124
2 41.601 -13.4506 8.11055
2 42.3444 -13.0236 6.88123
2 43.9095 -12.899 6.82466
2 44.5335 -12.1361 5.61764
2 45.9949 -11.8137 5.7932
2 46.9223 -12.898 6.18498
1 47.2999 -14.0194 5.20462
2 34.9328 -7.53607 24.3648
2 36.1397 -8.264 23.73
2 36.0157 -9.80464 23.8801
2 37.2159 -10.5298 23.2037
2 37.6386 -11.8879 23.912
2 38.6572 -12.6951 23.0317
2 39.9587 -11.9758 22.6761
2 40.8969 -12.2009 21.431
2 42.1206 -11.4454 21.2875
2 42.8868 -11.9706 19.9978
2 44.2966 -11.3093 19.6995
2 44.9891 -12.1821 18.6448
2 46.2865 -11.6903 18.1362
2 46.8318 -12.3206 16.8923
2 47.8031 -11.2022 16.2773
2 47.0183 -10.0725 15.6963
2 47.8093 -8.85471 15.3571
1 48.8322 -9.41665 14.3268
2 35.3847 -7.40181 30.671
2 35.1616 -8.6133 31.6175
2 35.7251 -10.0776 31.1094
2 36.0516 -11.0357 32.2089
2 36.4426 -12.4863 31.6027
2 36.8417 -13.6936 32.665
2 36.7817 -15.1106 32.2251
2 37.1214 -16.1377 33.3376
2 37.1146 -17.6009 32.752
2 37.5819 -18.6238 33.7055
2 39.0747 -18.7339 33.8842
2 39.3861 -19.9702 34.8525
2 38.8035 -21.3932 34.3854
2 38.9182 -22.5694 35.3335
2 38.5696 -23.986 34.8306
2 38.5498 -24.9919 35.9201
2 38.6669 -26.4462 35.4209
1 39.8577 -26.6681 34.5969
2 34.5962 -7.48855 37.7614
2 35.5316 -8.22565 36.7838
2 36.8707 -8.60933 37.4754
2 36.71 -9.56333 38.6195
2 38.1654 -9.74996 39.1807
2 38.4555 -10.8162 40.2376
2 40.0637 -10.8192 40.7124
2 40.577 -11.6806 41.761
2 40.4385 -11.1666 43.0647
2 41.3555 -11.868 43.9252
2 40.949 -13.1595 44.6443
2 42.0235 -13.8064 45.5622
2 41.8149 -15.1974 46.1683
2 42.8557 -15.7693 46.8191
2 43.9159 -16.4699 45.7889
2 45.287 -17.1069 46.2514
2 46.3288 -17.2838 45.1911
1 46.8735 -15.8906 44.6853
2 34.7041 -7.45147 44.4376
2 35.8293 -8.36434 45.1214
2 37.1302 -8.37361 44.3954
2 37.9672 -9.61872 44.8583
2 38.211 -9.44728 46.4426
2 39.0977 -10.3967 47.1602
2 38.2712 -11.645 47.6057
2 38.9861 -12.6261 48.7999
2 38.7423 -14.1337 48.6935
2 37.3299 -14.613 48.8715
2 37.0948 -16.1674 48.8585
2 35.5318 -16.5504 49.0519
2 35.3671 -18.0092 49.033
2 36.2422 -18.8999 48.1345
2 36.7829 -20.2043 48.8407
2 37.6959 -20.9205 47.7744
2 38.2866 -22.2465 48.5264
1 39.1095 -23.0722 47.643
2 34.6639 -7.08768 50.5908
2 35.3063 -8.46161 51.0228
2 34.8061 -9.68358 50.2537
2 35.5846 -11.0855 50.4078
2 34.8944 -12.2896 49.6421
2 33.7276 -12.5747 50.5806
2 32.7692 -13.7817 50.2688
2 32.2497 -14.3176 51.56
2 33.4483 -15.0662 52.2983
2 33.0433 -15.6618 53.6546
2 32.3226 -14.6855 54.754
2 32.137 -15.5297 55.9689
2 33.4522 -16.285 56.3735
2 34.6006 -15.3661 56.6872
2 35.8274 -16.1156 57.1671
2 36.991 -15.1621 57.2914
2 36.9589 -14.3222 58.6622
1 38.2318 -13.4684 58.8582
2 35.0452 -7.30568 57.4412
2 34.6791 -8.70962 58.3605
2 35.0526 -10.0037 57.585
2 34.6578 -11.2538 58.4353
2 33.1739 -11.3246 58.8027
2 32.8216 -12.7751 59.2607
2 33.8334 -13.2844 60.4649
2 33.6658 -14.638 60.8948
2 32.1904 -15.0349 61.0735
2 32.0862 -16.1067 62.0749
2 32.5964 -15.8818 63.5544
2 32.0166 -16.8193 64.552
2 30.5505 -16.4846 64.8672
2 29.9824 -17.4484 65.9741
2 30.9596 -17.4884 67.2951
2 30.9025 -16.2191 68.1936
2 31.5918 -16.2378 69.4858
1 31.334 -14.9086 70.4117
2 35.0131 -7.49711 64.4483
2 36.372 -8.06536 64.3101
2 36.3803 -9.44094 63.858
2 37.8081 -9.77788 63.7021
2 38.7424 -9.47819 64.9144
2 40.2289 -9.68094 64.6265
2 41.0228 -9.69192 65.8808
2 40.5974 -10.8292 66.8321
2 41.5961 -11.1262 67.9595
2 42.9291 -12.0287 67.5795
2 43.9127 -12.1928 68.7966
2 43.1554 -12.8028 70.0214
2 43.3111 -14.2682 70.2103
2 42.4836 -14.7561 71.3632
2 42.5168 -16.1859 71.4648
2 41.5775 -16.6637 72.562
2 41.5194 -18.3262 72.5289
1 40.0076 -18.8241 72.5745
2 34.9209 -7.38543 71.1736
2 35.5943 -8.39788 72.2825
2 37.0686 -8.41182 72.2379
2 37.507 -9.78036 72.9088
2 39.2369 -9.88459 73.0319
2 40.0386 -11.1832 73.0282
2 39.1954 -12.2754 73.6592
2 39.2042 -12.4359 75.2041
2 38.2237 -13.6112 75.7334
2 36.7524 -13.8068 75.2289
2 35.6818 -14.7086 76.1309
2 34.3215 -14.5937 75.9358
2 33.4567 -14.5724 77.1175
2 32.0994 -14.1244 76.6848
2 30.8547 -14.355 77.4244
2 29.7385 -14.3838 76.4933
2 29.8378 -15.5668 75.4689
1 28.7668 -15.6129 74.24
2 34.6025 -7.47801 78.3179
2 34.1791 -7.74407 76.9958
2 33.6712 -9.12042 76.9866
2 33.1251 -9.72409 75.6918
2 31.7327 -9.3452 75.3906
2 31.2577 -10.0413 74.1557
2 29.8051 -9.92855 74.2059
2 29.001 -10.8229 73.2263
2 27.439 -10.5622 73.252
2 26.6061 -11.5631 72.2391
2 25.2254 -11.3107 72.3007
2 24.4713 -12.2405 71.2893
2 23.0078 -11.8599 71.3515
2 22.0722 -12.8326 71.2231
2 22.1348 -13.5749 70.0068
2 20.9494 -14.4466 69.9525
2 19.7078 -13.6056 69.4848
1 18.3894 -14.2203 69.2984
2 43.9796 -7.33107 3.97592
2 43.5496 -8.03276 2.66712
2 44.2411 -9.34638 2.66241
2 44.1605 -10.222 1.33703
2 45.2836 -11.2287 1.39084
2 45.0373 -12.2665 0.289058
2 46.1165 -13.4722 0.45544
2 46.3685 -14.2659 80.1029
2 47.5872 -15.2862 79.79
2 47.1864 -16.0272 78.5734
2 48.4502 -16.8368 77.983
2 49.2505 -17.4567 79.1513
2 50.673 -17.76 78.794
2 51.4759 -18.4282 79.8452
2 52.851 -18.5801 79.2894
2 53.8455 -19.2656 80.3772
2 54.1457 -18.5699 0.657611
1 54.2832 -19.4175 1.92385
2 43.3008 -7.49436 10.6977
2 43.0807 -7.94314 9.27495
2 42.8189 -9.28709 9.00172
2 42.5518 -9.45547 7.56941
2 41.1218 -8.92399 7.36005
2 40.5044 -8.95209 5.9627
2 40.4867 -10.3969 5.34045
2 40.0634 -10.2952 3.90934
2 40.4393 -11.6545 3.17484
2 39.8637 -12.9495 3.88931
2 40.1978 -14.3504 3.29745
2 39.656 -15.6843 3.98959
2 40.1164 -17.0311 3.33923
2 39.7812 -17.3525 2.02816
2 40.0409 -18.7615 1.46694
2 41.5368 -18.9068 0.891125
2 41.6691 -17.9723 80.721
1 43.0473 -17.9473 80.0528
2 43.5957 -7.23482 16.9977
2 42.6612 -8.39032 17.2693
2 42.9043 -9.51661 16.2509
2 42.0099 -10.8761 16.2481
2 42.5643 -12.0181 15.4697
2 42.1629 -13.4027 15.6528
2 42.6479 -14.3911 14.5745
2 44.1044 -14.2117 14.26
2 44.7041 -15.3721 13.4695
2 46.0487 -14.7853 12.7927
2 45.7943 -13.4271 11.9614
2 46.9139 -12.5465 11.2425
2 46.2061 -11.1487 10.8766
2 47.1654 -9.9014 10.4376
2 46.7966 -9.3389 8.99482
2 48.0917 -8.85147 8.2784
2 49.2371 -9.84638 8.22041
1 50.3349 -9.44089 7.18911
2 43.4944 -7.50634 24.2001
2 44.7622 -8.02391 24.8135
2 44.7638 -9.62189 24.8739
2 43.7107 -10.0267 25.9202
2 43.9069 -11.4506 26.4867
2 42.7571 -11.8359 27.5154
2 42.9027 -13.194 27.7737
2 41.6988 -13.7531 28.4945
2 40.2895 -13.5026 27.7851
2 39.1335 -14.2381 28.5761
2 37.7105 -13.72 28.2152
2 37.1038 -14.7727 27.1971
2 36.7077 -16.0829 27.6397
2 35.459 -15.9473 28.6401
2 34.4322 -17.1463 28.7697
2 33.0113 -16.5683 28.9619
2 32.4363 -15.7543 27.8047
1 31.1593 -15.1544 28.1728
2 43.0891 -7.56773 30.8572
2 44.2264 -8.60861 31.4755
2 44.0536 -10.0576 31.053
2 45.0516 -11.0722 31.5227
2 45.2107 -11.1863 33.074
2 45.8644 -12.5023 33.4048
2 46.5126 -12.6042 34.9296
2 47.2391 -13.9483 35.1292
2 47.9797 -14.0641 36.5349
2 49.0165 -15.1861 36.6558
2 49.0104 -15.4354 38.184
2 49.9729 -16.6228 38.6341
2 49.56 -17.1993 39.958
2 50.3379 -18.4513 40.2339
2 50.059 -19.7004 39.3458
2 51.1314 -20.7878 39.6191
2 51.4586 -21.7662 38.4238
1 52.2918 -22.929 38.8868
2 43.1059 -7.37734 37.4696
2 41.9222 -8.04953 38.0223
2 41.3413 -9.18665 37.1142
2 42.3502 -10.3295 36.845
2 41.7233 -11.6068 36.2985
2 40.8044 -12.3665 37.3955
2 40.2385 -13.5884 36.7108
2 39.2345 -14.3931 37.5676
2 39.9995 -15.2301 38.5443
2 39.0892 -16.0304 39.5172
2 38.8709 -15.0664 40.8935
2 38.6442 -15.8463 42.2634
2 37.219 -16.5671 42.2603
2 36.8176 -17.4619 43.4113
2 35.3751 -18.178 43.2332
2 34.7807 -18.9806 44.365
2 33.4191 -19.5285 44.031
1 33.5397 -20.6215 42.8294
2 43.1938 -7.47241 44.377
2 44.3759 -7.90995 43.5254
2 44.484 -9.48508 43.3893
2 45.6165 -9.91631 42.5435
2 45.8591 -11.4133 42.3522
2 44.8032 -12.2907 41.6355
2 45.2479 -13.6472 41.4013
2 44.2158 -14.4342 40.7958
2 45.0026 -15.61 40.0991
2 44.3339 -16.3702 38.7685
2 44.3751 -15.6179 37.4122
2 43.3762 -16.287 36.5017
2 43.0617 -15.4715 35.1953
2 41.9467 -15.9479 34.1681
2 41.8593 -15.165 32.8941
2 40.8375 -15.6091 31.7376
2 41.2117 -16.9088 30.957
1 40.0213 -17.5774 30.3885
2 43.0081 -7.52355 51.299
2 44.223 -8.48722 50.6532
2 45.233 -8.70557 51.6911
2 44.6456 -9.02152 53.1488
2 45.8232 -9.09663 54.0589
2 46.6791 -10.2831 53.9175
2 47.7144 -10.5137 55.0535
2 48.6491 -11.6032 54.7049
2 49.716 -11.746 55.8347
2 51.107 -12.255 55.4252
2 51.2065 -13.6505 54.4716
2 52.5871 -14.0929 54.1968
2 52.6269 -15.2161 53.173
2 53.8138 -15.3178 52.275
2 53.6901 -16.0708 50.9524
2 53.438 -17.5777 51.1874
2 54.7588 -18.2179 51.8056
1 55.9889 -18.1022 50.9373
2 43.2143 -7.26087 57.3267
2 43.1314 -8.60555 58.0744
2 41.7687 -8.94786 58.7772
2 41.7349 -10.4069 59.4687
2 40.991 -10.4571 60.6804
2 40.7928 -11.9606 61.3096
2 42.082 -12.5169 61.9537
2 41.7027 -13.9498 62.4525
2 42.8224 -14.854 62.7435
2 42.5755 -15.9995 63.7875
2 41.8586 -15.4286 65.035
2 42.5598 -15.7327 66.3497
2 42.6719 -17.1643 66.6259
2 43.4697 -17.4185 67.8825
2 43.6479 -18.8787 68.0447
2 44.7606 -18.8946 69.0703
2 44.6527 -19.7952 70.1821
1 45.8377 -19.6103 71.0603
2 43.6148 -7.40278 64.6045
2 44.6224 -7.80028 63.4312
2 44.803 -9.22603 63.5803
2 45.5007 -9.61419 64.8496
2 46.0504 -11.0412 64.8983
2 45.1464 -12.0909 64.6184
2 45.9462 -13.5031 64.8855
2 46.972 -13.6232 63.749
2 47.5623 -14.9948 63.489
2 46.6841 -16.1269 63.3148
2 47.3002 -17.2622 62.6148
2 46.28 -18.4205 62.4165
2 45.6519 -18.8588 63.66
2 46.1237 -20.2931 64.0224
2 45.5323 -20.6592 65.4749
2 45.9471 -21.8649 65.9882
2 45.1657 -22.1654 67.3356
1 44.8566 -23.6649 67.5793
2 43.606 -7.43073 71.2234
2 44.4213 -8.29652 72.2104
2 44.4615 -9.7431 71.8686
2 45.1807 -10.5804 72.9407
2 46.7043 -10.0346 72.8742
2 47.6978 -10.8657 73.5221
2 49.1864 -10.4591 73.1474
2 50.0731 -10.9603 74.0742
2 51.5228 -11.5379 73.6697
2 51.5844 -12.6751 72.4665
2 52.8813 -13.3625 72.3489
2 52.9654 -14.7442 71.7421
2 51.7741 -15.6508 72.0356
2 52.0836 -16.6498 73.0654
2 51.0498 -17.6324 73.2987
2 51.2292 -18.3577 74.7455
2 50.1678 -19.3651 74.9372
1 50.4907 -20.211 76.2452
2 43.5042 -7.40264 77.8248
2 43.9745 -8.44207 78.8173
2 44.8387 -9.70252 78.3379
2 44.1367 -10.7549 77.4597
2 45.0589 -11.6101 76.713
2 44.3932 -12.7095 75.8382
2 43.8526 -13.9803 76.758
2 43.0629 -15.0105 76.016
2 42.4515 -16.2682 76.6574
2 41.1202 -16.7424 75.9384
2 40.2117 -17.6022 76.7651
2 38.8402 -17.9926 76.1148
2 38.1332 -18.9802 76.8446
2 37.6792 -18.6753 78.3428
2 36.7794 -19.7441 79.0167
2 36.5289 -19.3902 80.436
2 35.9676 -20.5363 0.430788
1 34.7695 -21.4453 0.0553643
2 51.58 -7.44737 3.78165
2 52.9767 -8.12657 3.51074
2 52.6895 -9.50283 3.07283
2 53.7912 -10.5517 3.21457
2 54.1195 -10.7454 4.80615
2 53.6493 -12.1514 5.24633
2 53.9376 -12.6237 6.48292
2 52.9288 -13.8072 6.60484
2 51.6363 -13.24 7.34738
2 50.9005 -14.2237 8.12538
2 49.5629 -13.96 8.83559
2 48.8768 -15.3048 9.48064
2 48.4138 -16.3135 8.47298
2 47.6712 -17.5863 8.98653
2 47.3022 -17.6593 10.4954
2 46.8042 -18.9917 10.9442
2 46.5504 -19.0896 12.4395
1 45.8143 -20.3221 12.8942
2 51.5532 -7.42774 10.5462
2 52.8956 -7.94895 9.98807
2 53.0456 -9.3681 9.27027
2 54.336 -9.99452 8.86446
2 55.468 -9.06196 8.43029
2 56.5951 -9.86605 7.81528
2 57.9207 -9.07633 7.50177
2 58.6606 -9.83579 6.40435
2 58.7503 -11.3539 6.7938
2 59.4335 -12.3489 5.79792
2 59.6366 -13.8208 6.15843
2 60.6331 -14.4923 5.15874
2 60.9634 -15.9585 5.66417
2 62.1358 -16.5168 4.74326
2 62.2366 -17.9613 4.79276
2 63.6963 -18.4596 4.41838
2 64.7889 -18.023 5.51639
1 64.6573 -18.688 6.94259
2 51.4433 -7.1585 16.8788
2 52.655 -8.01159 17.0676
2 52.5646 -8.71703 18.4769
2 53.2575 -9.95104 18.3744
2 52.3108 -11.3094 18.2736
2 51.4185 -11.648 19.3966
2 52.1553 -11.957 20.8755
2 51.1107 -12.5089 21.9525
2 50.1167 -13.5273 21.3237
2 49.1175 -14.0112 22.222
2 48.0922 -15.041 21.7171
2 47.0564 -15.5474 22.6707
2 47.5454 -16.4636 23.7422
2 46.5413 -16.629 24.869
2 46.3852 -15.3198 25.6699
2 47.6157 -14.6781 26.4876
2 47.2323 -13.8066 27.7151
1 48.4356 -12.9016 28.3413
2 51.6555 -7.25797 23.9239
2 52.6887 -8.16007 24.5498
2 53.031 -9.11455 23.4615
2 53.9387 -8.60843 22.3207
2 55.3547 -9.19133 22.4105
2 56.2156 -9.03436 21.1292
2 57.5656 -9.96668 21.1414
2 58.4662 -10.3179 19.9403
2 59.8049 -10.9719 20.2209
2 60.7703 -10.0364 20.9835
2 62.187 -10.2715 21.0627
2 63.0266 -9.10751 21.7296
2 64.5953 -9.359 21.7999
2 65.1611 -9.41403 20.4496
2 66.6742 -9.58034 20.5569
2 67.29 -10.1693 19.2364
2 68.7751 -10.3035 19.4065
1 69.5769 -8.96481 19.9334
2 51.7533 -7.2739 30.6204
2 52.9646 -8.04344 30.8968
2 53.0827 -9.25452 29.8458
2 53.3402 -8.83067 28.4185
2 53.687 -10.0069 27.3871
2 52.8561 -11.3206 27.2441
2 53.1815 -12.4359 26.2995
2 52.3087 -13.526 26.7132
2 52.7208 -14.9511 26.0979
2 52.3626 -15.3157 24.6828
2 52.3287 -16.8398 24.4095
2 51.5797 -17.1726 22.9919
2 51.2815 -18.5557 22.7381
2 52.4932 -19.4944 22.5897
2 52.3014 -21.0036 22.765
2 53.634 -21.8527 22.6356
2 54.3619 -21.6346 21.3401
1 55.6926 -22.3249 21.0494
2 51.3217 -7.46391 37.7189
2 52.5908 -8.01227 36.9982
2 52.626 -9.49579 36.6444
2 54.047 -10.1105 36.185
2 54.7485 -9.24883 35.1908
2 55.8145 -10.0296 34.2954
2 55.1369 -11.1029 33.5948
2 56.1401 -11.6158 32.4189
2 55.7807 -12.6204 31.519
2 56.6664 -13.1823 30.3794
2 55.8927 -14.0512 29.3741
2 56.783 -14.5014 28.0898
2 56.1532 -15.825 27.3137
2 56.9895 -16.1877 26.0247
2 56.4187 -17.454 25.3353
2 56.6156 -18.7505 26.2141
2 55.861 -20.0243 25.8041
1 54.6215 -20.4141 26.6375
2 51.9666 -7.4325 44.2159
2 51.541 -8.59525 45.1273
2 50.1338 -9.0119 45.1374
2 49.5566 -10.2411 45.9264
2 48.0075 -10.2081 45.8209
2 47.193 -11.099 46.6933
2 45.6521 -10.6663 46.9576
2 44.9728 -11.6203 47.8029
2 45.7984 -12.2063 48.8538
2 45.1655 -13.608 49.3689
2 43.9037 -13.2258 50.2196
2 42.8877 -14.3642 50.7533
2 43.1376 -14.8699 52.2649
2 44.4585 -15.6041 52.3691
2 44.7936 -16.2409 53.6652
2 46.2511 -16.3671 54.0078
2 47.0636 -16.7883 52.7981
1 48.5409 -16.7809 52.8931
2 51.6205 -7.35811 50.9818
2 50.3451 -8.13741 50.8515
2 50.5129 -9.61706 50.3121
2 49.2878 -10.5959 50.7045
2 49.7697 -11.9876 50.7364
2 49.8134 -12.7703 49.4582
2 50.3854 -14.331 49.73
2 50.1748 -15.3397 48.6001
2 50.6927 -16.8353 48.75
2 50.7188 -17.6553 47.3957
2 51.273 -19.0619 47.5974
2 52.6827 -19.3635 48.0235
2 52.8167 -20.8493 48.2454
2 54.1486 -21.1412 48.9531
2 55.4156 -20.7888 48.3666
2 56.7516 -21.3058 48.9786
2 58.1019 -20.6096 48.5091
1 58.3222 -20.8121 46.9194
2 51.6272 -7.28003 57.5453
2 50.2854 -8.04377 57.514
2 49.5798 -8.34902 58.8195
2 50.0169 -9.59977 59.7438
2 49.4047 -9.50883 61.1944
2 47.854 -9.6795 61.0308
2 47.427 -10.8329 60.0732
2 45.8484 -10.8046 59.8512
2 45.3296 -12.3608 59.878
2 45.9988 -13.1847 58.6503
2 45.9234 -14.6495 58.6977
2 44.499 -15.1822 59.2143
2 44.3843 -16.6597 59.539
2 45.2334 -17.5323 58.4575
2 45.0392 -19.0755 58.3063
2 43.5131 -19.5942 57.9374
2 42.5375 -19.0657 56.6942
1 43.1354 -19.158 55.2631
2 51.8534 -7.31954 64.2306
2 51.5702 -8.52279 65.1161
2 50.1446 -8.81019 65.436
2 49.701 -10.135 65.8722
2 48.8743 -10.1486 67.193
2 48.6544 -11.555 67.7209
2 48.2635 -11.5679 69.1793
2 48.5049 -12.857 69.8969
2 47.433 -13.9061 69.5414
2 47.8397 -15.4955 69.4864
2 48.7258 -15.8603 68.3696
2 48.3592 -17.3903 68.1079
2 49.23 -18.4622 69.0183
2 48.9176 -19.9058 68.5042
2 50.0651 -20.87 68.757
2 50.2018 -21.0512 70.2294
2 49.7568 -22.3884 70.8358
1 48.1473 -22.7812 70.7326
2 50.9951 -7.32484 71.0567
2 52.0094 -7.92363 69.8998
2 53.4727 -8.00141 70.3508
2 54.1692 -9.15125 69.5717
2 55.1013 -10.0857 70.537
2 55.7561 -11.2907 70.155
2 56.6445 -10.8526 69.036
2 57.6939 -11.8917 68.5883
2 58.6046 -11.2252 67.4586
2 59.7896 -12.1013 66.9925
2 59.4786 -13.4975 66.5362
2 60.8851 -14.1093 66.2377
2 61.1394 -15.5281 65.6071
2 60.9181 -15.4813 64.1993
2 60.8874 -16.8459 63.7094
2 59.7483 -17.6389 64.1605
2 59.6262 -19.1113 63.6711
1 58.4413 -19.8411 64.3703
2 51.3088 -7.33921 77.9116
2 50.9177 -8.47954 78.8735
2 50.5747 -9.83811 78.2397
2 50.0083 -10.797 79.2137
2 49.7209 -12.2007 78.7353
2 51.037 -12.8472 78.1983
2 50.7839 -14.1136 77.5155
2 51.8202 -14.4424 76.3314
2 53.1945 -14.5504 76.839
2 54.2194 -15.1579 75.8071
2 55.6731 -15.3368 76.4077
2 55.7764 -16.015 77.6755
2 56.954 -15.6018 78.4646
2 57.0127 -14.0707 78.9862
2 58.4002 -13.7695 79.5404
2 59.0176 -14.699 80.5371
2 60.0909 -14.1491 0.470256
1 61.4371 -13.8646 80.7609
2 59.6628 -7.48619 3.91129
2 60.9423 -8.28177 3.70886
2 61.5576 -8.03573 2.34428
2 62.9664 -8.83837 2.00663
2 62.7927 -10.4056 1.8874
2 64.0499 -11.4083 1.67499
2 63.7914 -12.9123 1.86593
2 65.0733 -13.8071 1.67262
2 64.9353 -15.2659 1.12418
2 66.069 -15.9195 0.196264
2 65.5275 -16.7876 79.872
2 65.3371 -18.2076 80.1168
2 65.7433 -19.0858 78.9592
2 65.6147 -20.5442 79.0626
2 66.6594 -21.3429 78.4212
2 67.1209 -22.3165 79.3302
2 68.061 -23.4868 78.8424
1 67.2971 -24.5151 77.917
2 59.9553 -7.27504 10.4067
2 60.8536 -8.17523 11.1601
2 60.095 -9.36585 11.9168
2 59.5306 -10.5857 10.8518
2 58.6912 -11.5798 11.5544
2 58.4009 -12.7784 10.6457
2 57.2065 -13.3998 11.037
2 55.87 -12.6539 10.6682
2 54.4919 -13.5662 10.8738
2 53.8943 -13.1013 12.0903
2 52.9249 -12.0611 11.8289
2 52.1306 -11.443 13.0442
2 51.1941 -12.5389 13.6827
2 51.2531 -12.7859 15.0945
2 50.2722 -13.9528 15.4821
2 50.7641 -14.4242 16.8886
2 49.9943 -15.7121 17.353
1 50.0779 -16.8548 16.3036
2 59.7723 -7.41364 17.0671
2 61.2713 -8.16716 16.8801
2 61.1513 -9.4569 16.0496
2 60.3919 -10.5448 16.4999
2 60.4397 -11.8718 15.6804
2 60.2281 -13.2119 16.6314
2 59.4974 -14.2366 15.7995
2 60.0574 -14.7564 14.4423
2 59.2157 -15.9921 13.7435
2 59.8918 -16.5581 12.4475
2 59.0643 -17.5166 11.5181
2 57.6375 -17.9372 12.2856
2 57.0271 -19.3661 11.727
2 55.5145 -19.7968 12.1203
2 54.4351 -18.7489 11.6843
2 52.947 -18.9279 12.221
2 52.0084 -17.8543 11.6726
1 51.9481 -16.6097 12.5482
2 59.6385 -7.50399 23.8146
2 59.3245 -8.63004 25.0298
2 58.9659 -9.95837 24.4053
2 58.2662 -10.7855 25.5056
2 57.7557 -12.1203 25.0192
2 56.4835 -12.1196 24.3714
2 56.4069 -13.3278 23.6024
2 55.4071 -13.3635 22.5589
2 55.4194 -14.6532 21.6355
2 54.7173 -14.5971 20.2484
2 53.9645 -15.9374 19.945
2 54.76 -17.212 20.1465
2 55.7726 -17.6231 19.0453
2 56.5542 -18.939 19.4188
2 57.2286 -19.5398 18.195
2 58.2434 -18.629 17.4949
2 59.0882 -19.5039 16.498
1 60.3438 -18.8031 16.0939
2 60.0309 -7.3826 30.5924
2 58.6736 -8.28135 30.2008
2 59.0572 -9.4169 29.2763
2 59.7847 -10.4232 30.0421
2 60.5748 -11.5276 29.2588
2 61.0982 -12.6908 30.0177
2 61.8207 -13.7211 29.1503
2 62.2669 -15.0569 29.6325
2 63.1052 -15.7867 28.4808
2 63.7001 -17.0918 29.0317
2 64.9327 -17.4863 28.1691
2 65.9365 -18.5899 28.78
2 66.739 -18.125 30.0284
2 68.0921 -18.7562 30.294
2 69.0584 -17.883 31.1246
2 70.4163 -18.5304 31.5025
2 71.4085 -18.7246 30.2953
1 72.3874 -19.7475 30.6525
2 59.4635 -7.27197 37.1938
2 60.638 -7.95645 36.6136
2 60.191 -9.34349 35.9429
2 61.4518 -10.1416 35.7838
2 61.2084 -11.4556 35.2175
2 61.0003 -11.58 33.703
2 60.3512 -12.8372 33.1246
2 61.2922 -14.0984 33.3355
2 60.8092 -15.551 32.9797
2 61.7771 -16.565 33.4802
2 61.2097 -18.147 33.2507
2 62.0389 -19.1549 33.9556
2 61.714 -20.6248 33.6422
2 60.2762 -21.067 34.1143
2 59.7371 -22.4806 33.7122
2 58.3828 -22.94 34.1253
2 57.8345 -24.2991 33.7233
1 56.5294 -24.6345 34.5913
2 59.9126 -7.39927 44.3202
2 58.6024 -7.84366 43.5214
2 58.6806 -9.33679 42.9405
2 58.8922 -10.4138 44.043
2 58.8343 -11.8587 43.5484
2 57.5484 -12.328 43.7131
2 57.3092 -13.9008 43.5278
2 55.9529 -14.4291 43.7755
2 55.7216 -15.8149 43.2359
2 54.3608 -16.5338 43.5173
2 53.6984 -17.8492 42.9538
2 52.6139 -18.3501 43.7925
2 51.8099 -19.6577 43.35
2 50.4165 -20.0669 43.9766
2 50.014 -21.5562 43.786
2 48.5574 -21.7203 44.147
2 48.1624 -21.4651 45.503
1 48.6106 -22.5062 46.5368
2 60.0965 -7.41585 50.921
2 59.3424 -8.458 51.6066
2 59.5799 -9.82607 50.9728
2 59.8759 -9.80728 49.4004
2 60.2253 -11.2317 48.9037
2 58.9333 -11.9982 48.7017
2 59.0997 -13.4533 48.3587
2 59.7074 -13.8577 47.0868
2 59.6869 -15.3589 47.1621
2 60.2952 -15.9767 45.8968
2 59.8197 -17.4299 45.8459
2 60.3049 -18.1654 44.6228
2 61.7962 -18.5631 44.3811
2 62.2754 -18.4176 42.9302
2 61.535 -17.2597 42.3281
2 61.8694 -16.8541 40.9647
2 61.2894 -15.4509 40.6298
1 61.2901 -14.8081 39.2758
2 59.8107 -7.30904 57.3647
2 61.2284 -7.93593 57.1427
2 61.1154 -9.37838 56.8342
2 60.3764 -9.45658 55.4589
2 59.9602 -10.7878 55.248
2 59.2477 -11.4433 56.4294
2 59.1266 -13.0977 56.3852
2 58.4207 -14.0494 57.4266
2 58.1843 -15.5043 57.1432
2 58.0247 -15.6406 55.5998
2 57.6519 -17.0638 55.1878
2 58.8214 -17.8709 55.6936
2 58.2872 -19.3019 56.1422
2 59.5291 -20.0175 56.941
2 60.7409 -20.0836 55.8414
2 62.0738 -20.7766 56.1585
2 61.8886 -22.0433 57.0205
1 63.1766 -22.6848 57.6475
2 59.8463 -7.28928 64.1864
2 60.8527 -8.28011 64.4769
2 62.1829 -8.05527 63.7111
2 62.9062 -9.28341 63.3483
2 62.2784 -10.3744 62.6481
2 63.2856 -11.4256 62.523
2 62.8544 -12.8371 61.8539
2 64.0979 -13.6716 61.514
2 64.8026 -13.9838 62.8631
2 65.6823 -15.2882 62.8599
2 66.2523 -15.8814 64.1959
2 66.9789 -17.2976 63.811
2 67.46 -18.1317 65.0946
2 67.3821 -19.664 64.8636
2 67.374 -20.4419 66.181
2 67.1672 -21.8986 65.9264
2 67.7221 -22.7226 67.1024
1 67.7122 -24.2802 66.7962
2 59.4964 -7.47904 71.3571
2 60.7382 -8.40959 71.5503
2 60.9702 -9.23473 70.33
2 61.6021 -10.6358 70.5514
2 61.0044 -11.6211 71.6383
2 61.6453 -13.0158 71.448
2 61.3465 -14.197 72.3841
2 62.2313 -14.2364 73.7703
2 61.6091 -14.923 74.8213
2 60.9023 -16.2219 74.5939
2 60.488 -16.9861 75.9384
2 59.6433 -18.1817 75.6787
2 59.484 -18.7631 77.0017
2 58.4707 -20.1886 77.1619
2 57.0741 -19.9765 76.8088
2 56.2956 -21.3562 76.7109
2 54.9027 -21.1761 76.3508
1 53.9073 -22.4757 76.4298
2 59.6844 -7.52806 78.3883
2 59.3525 -8.24222 77.1346
2 59.2081 -9.79384 77.0219
2 58.7287 -10.2253 75.7994
2 58.3316 -11.7122 75.6383
2 57.8269 -12.0589 74.384
2 58.1107 -13.5272 74.1179
2 57.3148 -14.1591 72.8856
2 57.4886 -15.6142 72.6874
2 56.3484 -16.3873 72.08
2 56.6549 -17.8777 71.7335
2 55.4969 -18.6694 70.9827
2 55.7514 -20.0372 70.9935
2 54.5821 -20.9279 70.3185
2 55.0639 -22.3735 70.2368
2 54.1577 -23.3619 69.6185
2 55.1663 -24.5649 69.2595
1 54.463 -25.64 68.6135
2 68.2189 -7.3108 3.55159
2 66.9546 -8.09937 3.2492
2 65.8868 -8.45227 4.43868
2 66.1241 -9.6739 5.29641
2 65.4688 -9.69603 6.68681
2 65.9944 -10.8484 7.51483
2 67.5431 -10.9371 7.67731
2 67.93 -11.9708 8.66291
2 67.2691 -11.7786 10.1051
2 67.5979 -12.9504 11.0078
2 69.1774 -13.024 11.2283
2 69.4192 -14.1798 12.2614
2 70.817 -14.4531 12.5545
2 71.641 -13.304 12.9076
2 71.2407 -12.5054 14.1574
2 72.4256 -12.1084 14.9614
2 72.0411 -11.2961 16.1832
1 71.2799 -9.93503 15.7941
2 67.6362 -7.32374 10.3829
2 68.5528 -8.42157 10.9608
2 70.0675 -8.50238 10.5276
2 70.0802 -8.81568 8.92703
2 71.4796 -9.22414 8.31553
2 71.4276 -9.24067 6.74832
2 72.663 -9.62324 6.11666
2 72.4093 -9.98596 4.61969
2 73.6145 -10.4019 3.78614
2 73.4265 -10.5324 2.297
2 74.6353 -11.3784 1.70347
2 74.3554 -11.9953 0.301974
2 75.4328 -12.781 80.4956
2 75.6074 -14.0251 0.115824
2 76.7537 -14.7716 80.5412
2 77.1714 -15.9049 0.226567
2 76.1327 -17.1154 0.423781
1 76.3819 -18.3694 1.17665
2 68.1346 -7.26712 17.0192
2 66.9166 -7.69159 16.2684
2 66.8503 -9.02812 15.8621
2 66.0555 -9.31354 14.5245
2 65.7283 -10.7453 14.1769
2 64.8606 -11.2541 15.292
2 64.4856 -12.7268 15.475
2 64.1825 -13.4922 14.1066
2 63.8728 -15.0654 14.4748
2 63.6583 -15.9439 13.3703
2 63.5601 -17.4041 13.6682
2 62.8956 -18.0916 12.3963
2 63.2599 -19.6657 12.4008
2 62.6601 -20.4267 11.2453
2 62.7123 -21.9419 11.2823
2 61.8306 -22.6564 10.3115
2 60.3823 -22.3627 10.4368
1 59.6248 -22.7252 9.1685
2 67.7976 -7.46661 23.9595
2 69.0607 -8.23851 23.8076
2 68.643 -9.69091 23.329
2 68.0457 -10.5354 24.5935
2 67.3164 -11.8538 24.2202
2 68.3275 -12.7173 23.4587
2 67.715 -14.1217 22.9629
2 68.7236 -14.9632 22.1545
2 68.2903 -16.3535 22.2525
2 66.9555 -16.5455 21.8147
2 66.3151 -17.9473 21.9592
2 64.8355 -18.0739 21.7755
2 64.462 -17.7376 20.3788
2 63.0172 -17.7656 20.0508
2 62.3196 -16.495 20.4251
2 60.811 -16.4445 20.1147
2 60.1984 -15.1621 20.1644
1 58.7605 -15.1692 19.9674
2 68.1326 -7.43535 30.9907
2 69.6108 -7.76868 30.5216
2 69.7486 -9.26602 30.7223
2 71.1973 -9.85759 30.3436
2 71.4013 -11.3967 30.7288
2 72.871 -11.7843 30.3008
2 73.5279 -13.0882 30.9737
2 72.9866 -14.5058 30.5737
2 73.6563 -15.7228 31.2457
2 73.6222 -15.9004 32.8599
2 74.1149 -17.2798 33.3639
2 75.4726 -17.815 32.8893
2 76.6334 -17.181 33.5104
2 76.9947 -17.4967 35.0498
2 78.4913 -17.2839 35.3225
2 78.8563 -17.6857 36.7715
2 80.4455 -17.9134 37.1509
1 80.5794 -18.5209 38.542
2 68.3513 -7.08054 37.1122
2 66.9922 -7.7322 36.7596
2 66.95 -8.87219 35.8915
2 65.7225 -8.89618 35.1437
2 65.6589 -9.943 33.9824
2 64.5536 -9.57623 32.9989
2 64.3996 -10.5224 31.8204
2 65.5934 -10.1651 30.6928
2 65.3562 -10.9119 29.1792
2 66.6202 -10.7133 28.3226
2 67.5981 -11.9924 28.1558
2 66.96 -13.2496 27.6243
2 67.9483 -14.1642 27.1026
2 67.4067 -15.4527 26.4355
2 68.494 -16.4732 26.5006
2 69.7883 -16.3054 25.8993
2 70.5939 -17.5741 26.0231
1 69.8425 -18.6709 25.3748
2 67.8639 -7.43718 44.5578
2 67.8317 -8.14842 43.2938
2 67.5232 -9.54798 43.6222
2 66.9561 -10.6063 42.4566
2 67.8535 -10.7671 41.2126
2 67.4023 -11.5674 40.0685
2 67.2065 -13.0096 40.6623
2 68.4484 -13.6001 41.1783
2 68.0481 -14.8824 41.9758
2 69.2885 -15.6947 42.4533
2 68.9071 -17.0664 43.0491
2 70.1752 -17.8692 43.3901
2 69.9588 -19.0246 44.2309
2 69.455 -18.7539 45.734
2 70.1189 -17.6696 46.6501
2 69.0628 -16.6276 47.1365
2 69.7445 -15.3426 47.8653
1 70.4666 -14.4337 47.019
2 67.8784 -7.54641 51.2601
2 66.4445 -8.18311 50.8504
2 66.3155 -8.25242 49.3403
2 65.0422 -8.9728 48.7867
2 64.8344 -9.09283 47.1497
2 63.5089 -9.93172 46.9263
2 62.6239 -9.76777 45.702
2 63.4874 -9.89349 44.3191
2 62.7006 -9.59506 43.0429
2 63.4381 -9.86245 41.6892
2 62.6861 -9.58842 40.4382
2 61.6207 -10.5996 40.2802
2 60.5276 -10.1567 39.3891
2 59.23 -11.0402 39.5488
2 57.9237 -10.7831 38.7855
2 56.9092 -11.9306 38.6548
2 57.4031 -13.2566 37.9666
1 58.113 -13.2626 36.6069
2 68.1742 -7.32649 57.5802
2 66.8825 -8.10764 57.2515
2 67.0233 -9.43993 56.5607
2 65.755 -10.2983 56.4059
2 66.1529 -11.6333 55.6302
2 64.8263 -12.3713 55.27
2 64.9765 -12.9133 53.9086
2 66.024 -14.1532 53.8089
2 66.3895 -14.57 52.3182
2 66.8266 -16.0679 52.2534
2 67.4997 -16.6068 51.011
2 68.0784 -18.048 51.2306
2 67.1359 -19.0234 51.9709
2 67.6896 -20.2112 52.6636
2 66.615 -21.1949 53.2818
2 67.1792 -22.3688 54.1438
2 66.117 -23.2372 54.5379
1 66.79 -24.3267 55.3764
2 68.2593 -7.37105 65.0914
2 67.5599 -8.07816 63.8396
2 67.9112 -9.73062 63.8677
2 67.2883 -10.6742 62.8574
2 68.1955 -10.9803 61.596
2 67.5441 -11.7778 60.3552
2 68.5411 -12.4903 59.5912
2 68.2149 -13.6948 58.8867
2 69.3482 -14.489 58.2558
2 69.0912 -15.9786 57.8815
2 70.4015 -16.5699 57.3715
2 70.2988 -16.8245 55.755
2 71.5617 -17.378 55.256
2 71.4748 -17.7487 53.8976
2 72.7559 -18.499 53.2938
2 72.6655 -18.9742 51.8533
2 71.8838 -20.3232 51.7701
1 72.075 -21.0179 50.5034
2 67.453 -7.44265 71.2993
2 68.4482 -8.47288 71.5979
2 68.271 -9.78746 71.0397
2 69.3831 -10.8623 71.3893
2 69.0893 -12.3146 70.9105
2 70.1856 -13.3321 71.5271
2 70.1105 -13.4407 73.0549
2 71.1087 -14.64 73.481
2 72.2156 -14.4111 72.6674
2 73.3613 -15.481 72.9189
2 74.7305 -15.3809 72.1975
2 75.3769 -13.907 72.2382
2 76.7525 -13.9049 71.6607
2 77.0847 -12.4959 71.0028
2 78.3898 -12.3655 70.3183
2 78.8239 -10.9852 70.0544
2 77.8822 -10.5374 69.0158
1 78.2619 -9.1807 68.3765
2 68.4197 -7.43696 77.9639
2 67.3168 -8.44767 78.1531
2 67.2217 -9.18892 79.4893
2 68.3769 -10.1304 79.9288
2 68.0172 -10.9487 0.050507
2 69.0477 -11.7354 0.594861
2 68.7465 -12.2471 2.06542
2 69.7991 -13.2325 2.6734
2 70.0823 -14.3326 1.63121
2 71.0015 -15.5027 2.08974
2 72.5065 -15.1938 2.11277
2 73.255 -16.2401 2.86002
2 73.1351 -15.9324 4.32879
2 73.3768 -14.5557 4.64765
2 74.0944 -14.3094 5.85632
2 73.2963 -14.7198 7.06897
2 72.2074 -13.8116 7.54216
1 71.8028 -14.2484 8.98576
2 76.4359 -7.36357 3.6193
2 77.9887 -7.83997 3.55784
2 78.2944 -9.11966 2.7809
2 79.7737 -9.70938 2.77856
2 79.6923 -11.2272 2.35727
2 79.3906 -12.1927 3.48085
2 79.4596 -13.6485 3.11251
2 79.1927 -14.6707 4.27017
2 79.6949 -16.0113 3.83639
2 80.2074 -17.1007 4.79264
2 81.6916 -16.635 5.13343
2 0.259879 -17.8141 5.61306
2 1.92798 -17.7554 5.64307
2 2.54941 -19.1533 5.92019
2 2.29598 -20.3854 4.85265
2 2.8593 -21.7985 5.14654
2 4.50962 -21.6136 5.38414
1 5.07983 -22.9451 5.69447
2 76.1444 -7.17487 10.2114
2 75.1805 -8.25151 10.8999
2 75.097 -9.69559 10.5214
2 73.9852 -10.3839 11.1961
2 74.0164 -11.9207 10.7796
2 75.4078 -12.7769 10.8608
2 75.0882 -14.3324 10.81
2 76.2925 -15.1715 11.4092
2 76.2172 -16.5997 11.2794
2 75.1537 -16.981 12.0808
2 74.5526 -18.4738 11.9699
2 73.2223 -18.699 12.8195
2 72.8215 -20.15 12.8849
2 71.4083 -20.2407 13.2871
2 70.9409 -21.584 13.8484
2 69.3679 -21.5746 14.2113
2 68.8317 -22.9569 14.7565
1 69.575 -23.74 15.7359
2 76.4046 -7.49382 17.4192
2 76.882 -8.00478 16.0915
2 76.9712 -9.42054 15.8701
2 77.4527 -9.81127 14.3924
2 77.297 -11.2834 14.0161
2 77.7747 -12.2865 14.978
2 77.9 -13.7364 14.5263
2 78.4196 -14.6368 15.5916
2 79.8875 -15.0659 15.5874
2 80.3348 -15.1803 17.0825
2 81.735 -15.7003 17.2879
2 81.8907 -16.1649 18.7364
2 81.2013 -17.4767 19.0047
2 81.1818 -18.1495 20.4569
2 80.4371 -17.4593 21.6581
2 78.8865 -17.517 21.5568
2 78.2132 -18.8082 21.8341
1 76.6378 -18.9563 21.558
2 76.4699 -7.36577 23.8715
2 75.3715 -8.05691 23.146
2 75.953 -9.28925 22.4454
2 75.0528 -9.91487 21.3446
2 75.7876 -11.2527 20.7187
2 75.0504 -12.0134 19.4616
2 75.7276 -13.2843 19.096
2 74.8009 -14.4317 18.7398
2 75.7559 -15.6159 18.3031
2 75.029 -16.7717 17.3185
2 75.0912 -18.2029 17.8712
2 74.2259 -19.2078 17.1424
2 74.0283 -20.5475 17.8519
2 73.3256 -21.6247 17.0405
2 73.2499 -22.9312 17.7151
2 73.0419 -22.9656 19.1562
2 72.9269 -24.424 19.8444
1 72.4183 -24.4316 21.286
2 75.7371 -7.26534 30.9147
2 76.779 -8.21726 30.5049
2 76.1146 -9.08761 29.4543
2 77.087 -10.1326 28.892
2 78.42 -9.50569 28.297
2 79.5042 -10.6035 27.9167
2 80.6148 -10.3223 26.9021
2 81.5672 -11.452 26.7485
2 0.334444 -11.2151 25.8602
2 1.1856 -12.4169 25.4882
2 2.14391 -12.1439 24.4014
2 3.18214 -13.2109 24.3468
2 4.40772 -12.9877 23.5217
2 5.42636 -13.9731 24.0526
2 6.76143 -13.9814 23.3537
2 7.80255 -14.8681 24.1045
2 8.71086 -15.377 22.9643
1 9.73882 -14.2193 22.6507
2 76.2834 -7.51435 37.5689
2 75.3422 -7.82199 36.4329
2 75.3592 -9.24942 36.1302
2 75.2262 -9.70207 34.558
2 75.5416 -11.2193 34.1173
2 76.8635 -11.7144 34.7309
2 77.3436 -12.9355 34.4325
2 77.8518 -12.9446 32.9808
2 78.7428 -14.0304 32.713
2 79.134 -13.9993 31.1993
2 77.9255 -14.2754 30.1659
2 78.2017 -13.9744 28.6251
2 79.3566 -14.8703 28.0604
2 79.0628 -16.3436 28.3431
2 80.2308 -17.3502 28.1332
2 80.9937 -17.1476 26.7932
2 82.4868 -18.0186 26.7623
1 0.802635 -18.1541 25.2727
2 76.6068 -7.20396 43.7873
2 76.344 -8.55264 44.4939
2 74.7591 -8.67202 44.8162
2 74.1898 -9.82518 45.5765
2 72.7496 -9.30075 45.8555
2 72.0714 -10.127 46.9345
2 70.7754 -9.64487 47.2295
2 70.0967 -10.4629 48.4286
2 70.6656 -10.261 49.8161
2 70.2174 -11.3216 50.8746
2 70.4598 -10.8501 52.4309
2 70.1529 -11.8494 53.6276
2 70.2698 -11.173 54.8994
2 71.5842 -10.6117 55.4143
2 71.4878 -10.2052 56.8955
2 72.8116 -9.829 57.4663
2 72.7397 -9.63621 59.0617
1 74.1786 -9.51861 59.6389
2 75.8714 -7.45022 50.912
2 74.3759 -7.98531 51.2671
2 74.2894 -9.5081 50.9596
2 75.1138 -10.4436 51.7692
2 74.7533 -11.8911 51.6791
2 75.6274 -12.7645 52.6178
2 75.3213 -14.2777 52.5221
2 74.0582 -14.592 53.3693
2 74.0417 -14.2513 54.7894
2 74.9387 -15.062 55.5865
2 74.9184 -14.7663 57.0806
2 75.7343 -13.5306 57.3825
2 76.0172 -13.2296 58.6951
2 77.0377 -12.015 58.9291
2 77.3745 -11.6263 60.3386
2 78.4774 -10.5761 60.6116
2 79.9675 -10.9354 60.029
1 80.8277 -9.76935 59.9682
2 76.6218 -7.53923 58.1408
2 76.7378 -7.90676 56.6692
2 77.7459 -9.05461 56.4447
2 79.0648 -8.70039 56.0865
2 79.7801 -10.0794 55.8775
2 79.5626 -10.7799 54.4912
2 80.461 -11.9208 54.2647
2 79.8893 -13.0001 53.4189
2 81.0754 -13.9416 53.1649
2 80.8151 -15.35 52.5191
2 80.1421 -16.3103 53.5899
2 80.5657 -17.6244 53.1362
2 80.4007 -17.9562 51.5466
2 80.6341 -19.4837 51.2405
2 81.4013 -19.5996 49.7762
2 81.5736 -21.0182 49.4502
2 80.2378 -21.8337 49.3196
1 80.3132 -23.4154 49.1759
2 76.3601 -7.27947 64.2089
2 75.2528 -8.29053 63.9959
2 74.3624 -8.59707 65.0883
2 73.0306 -9.29557 64.6797
2 73.2657 -10.5111 63.913
2 71.995 -11.1367 63.258
2 72.3362 -12.4045 62.4741
2 71.0858 -13.1695 61.8606
2 70.1583 -13.9282 62.7957
2 70.7112 -15.3511 63.2462
2 71.3047 -16.3278 62.2484
2 70.8548 -17.8046 62.4507
2 71.731 -18.6507 63.4884
2 71.532 -20.1541 63.5904
2 72.7966 -21.001 63.0208
2 72.872 -22.5011 63.4728
2 74.0572 -23.3285 63.1916
1 73.6921 -24.8627 63.2937
2 76.2308 -7.0947 70.5174
2 74.9665 -8.0243 70.5594
2 75.0993 -9.17827 71.6264
2 73.7854 -9.74496 72.1
2 73.8452 -10.4811 73.389
2 74.1154 -9.56007 74.626
2 74.159 -10.1665 75.9993
2 72.8067 -10.5464 76.5125
2 72.9547 -11.0534 77.9912
2 71.6218 -11.5097 78.5529
2 71.1085 -12.6141 77.7825
2 69.5343 -13.033 78.2006
2 68.8209 -13.9324 77.0659
2 67.5919 -14.7533 77.571
2 66.4817 -14.8355 76.4826
2 65.8874 -16.1772 76.0655
2 67.0719 -17.2329 75.8164
1 66.6436 -18.5766 75.4219
2 76.2493 -7.48927 77.7267
2 77.6627 -7.72507 77.3066
2 77.6033 -8.39366 75.8028
2 78.9158 -8.87398 75.4429
2 79.3099 -9.58516 74.2117
2 80.7475 -9.82703 74.1092
2 81.1873 -10.6572 72.8083
2 82.0897 -12.046 72.9547
2 81.5659 -13.3539 72.4727
2 0.191382 -14.3813 72.0727
2 82.0052 -15.7504 71.4706
2 0.66181 -16.7497 70.8037
2 0.161308 -17.9949 70.1257
2 1.22438 -18.7005 69.0774
2 0.513667 -19.9551 68.4413
2 1.03984 -20.2642 67.1074
2 0.103088 -21.3423 66.4178
1 0.735205 -22.7064 66.4274

